date,day_index,new_blocks_total,new_blocks_atom,new_blocks_photon,new_blocks_spin,cumulative_blocks,daily_workloads,cumulative_workloads,workloads_new_blocks,workloads_older_blocks,perc_new_workloads,perc_old_workloads,cumulative_workloads_new,cumulative_workloads_old,acquisition_cost,lease_fee_cost,workload_trigger_cost,workload_execution_cost,total_daily_cost,cost_per_workload
2023-01-01,1,8270,2793,2751,2726,8270,45033093,45033093,45033093,0,1.0,0.0,45033093,0,1654.0,326301.6,450330.93,3902868.06,4681154.59,0.10394921330409172
2023-01-02,2,2189,724,763,702,10459,1426941,46460034,849883,577058,0.5955978558328621,0.40440214416713793,45882976,577058,437.8,86335.2,14269.41,123668.22,224710.63,0.1574771696937715
2023-01-03,3,8413,2843,2770,2800,18872,32467060,78927094,16754121,15712939,0.5160344361331146,0.4839655638668854,62637097,16289997,1682.6000000000001,331296.0,324670.60000000003,2813811.8666666667,3471461.0666666664,0.10692255679037974
2023-01-04,4,5862,1931,2006,1925,24734,11745355,90672449,6122056,5623299,0.521232095581615,0.47876790441838496,68759153,21913296,1172.4,229728.0,117453.55,1017930.7666666667,1366284.7166666668,0.1163255360665273
2023-01-05,5,5374,1769,1768,1837,30108,36768761,127441210,20580257,16188504,0.5597212535935057,0.44027874640649434,89339410,38101800,1074.8,208651.2,367687.61,3186625.9533333336,3764039.5633333335,0.10237058472906752
2023-01-06,6,6688,2322,2143,2223,36796,48503093,175944303,26243637,22259456,0.5410714116726535,0.45892858832734645,115583047,60361256,1337.6000000000001,265672.8,485030.93,4203601.393333334,4955642.723333334,0.10217168466624044
2023-01-07,7,5361,1766,1785,1810,42157,1608903,177553206,904350,704553,0.5620910645327903,0.43790893546720966,116487397,61065809,1072.2,208788.0,16089.03,139438.26,365387.49,0.227103492255282
2023-01-08,8,3052,1010,1020,1022,45209,14775487,192328693,8560858,6214629,0.5793959955431588,0.42060400445684126,125048255,67280438,610.4,119251.2,147754.87,1280542.2066666668,1548158.6766666668,0.10477885951689218
2023-01-09,9,4269,1387,1480,1402,49478,19531997,211860690,11593061,7938936,0.5935420223543962,0.40645797764560376,136641316,75219374,853.8000000000001,166603.2,195319.97,1692773.0733333335,2055550.0433333335,0.10524013716228471
2023-01-10,10,9263,3055,3147,3061,58741,4830298,216690988,2801691,2028607,0.5800244622588503,0.4199755377411497,139443007,77247981,1852.6000000000001,362637.6,48302.98,418625.82666666666,831419.0066666666,0.1721258205325358
2023-01-11,11,2894,945,952,997,61635,41143586,257834574,22679461,18464125,0.5512271341637552,0.4487728658362448,162122468,95712106,578.8000000000001,111883.2,411435.86,3565777.4533333336,4089675.3133333335,0.09940006963256275
2023-01-12,12,3112,1062,1039,1011,64747,43048325,300882899,25819694,17228631,0.5997839404901352,0.4002160595098648,187942162,112940737,622.4000000000001,123573.6,430483.25,3730854.8333333335,4285534.083333334,0.09955170342477515
2023-01-13,13,8203,2778,2740,2685,72950,29130756,330013655,14641489,14489267,0.5026127368613433,0.4973872631386566,202583651,127430004,1640.6000000000001,324432.0,291307.56,2524665.52,3142045.6799999997,0.107860080253324
2023-01-14,14,8652,2881,2929,2842,81602,8132476,338146131,4275594,3856882,0.5257432053903387,0.4742567946096613,206859245,131286886,1730.4,340159.2,81324.76,704814.5866666667,1128028.9466666668,0.13870670465755655
2023-01-15,15,1766,586,596,584,83368,13312779,351458910,7303636,6009143,0.5486184364661953,0.4513815635338046,214162881,137296029,353.20000000000005,69254.4,133127.79,1153774.18,1356509.5699999998,0.10189529699246114
2023-01-16,16,7773,2576,2613,2584,91141,24685452,376144362,12980027,11705425,0.5258168657393837,0.4741831342606163,227142908,149001454,1554.6000000000001,304346.4,246854.52000000002,2139405.84,2692161.36,0.10905862124785075
2023-01-17,17,9689,3278,3241,3170,100830,40003294,416147656,21859171,18144123,0.5464342761373601,0.45356572386263994,249002079,167145577,1937.8000000000002,383124.0,400032.94,3466952.146666667,4252046.886666667,0.10629241898596317
2023-01-18,18,9598,3235,3144,3219,110428,35138865,451286521,19441853,15697012,0.5532863113250812,0.4467136886749188,268443932,182842589,1919.6000000000001,377006.4,351388.65,3045368.3000000003,3775682.95,0.10745033881999319
2023-01-19,19,1771,595,590,586,112199,43723235,495009756,23339557,20383678,0.533802153477436,0.466197846522564,291783489,203226267,354.20000000000005,69705.6,437232.35000000003,3789347.0333333337,4296639.183333334,0.09826901379400069
2023-01-20,20,7478,2518,2501,2459,119677,40538033,535547789,20881102,19656931,0.5150990429160685,0.48490095708393155,312664591,222883198,1495.6000000000001,294938.4,405380.33,3513296.1933333334,4215110.523333333,0.10397915763039942
2023-01-21,21,9541,3159,3195,3187,129218,48920160,584467949,27366850,21553310,0.5594186527599255,0.4405813472400744,340031441,244436508,1908.2,373063.2,489201.60000000003,4239747.2,5103920.2,0.10433163342065929
2023-01-22,22,9035,3012,2996,3027,138253,28228666,612696615,15637356,12591310,0.5539530631734422,0.44604693682655777,355668797,257027818,1807.0,353779.2,282286.66000000003,2446484.3866666667,3084357.246666667,0.10926330159089583
2023-01-23,23,3475,1194,1134,1147,141728,40278107,652974722,22874908,17403199,0.5679241082506683,0.4320758917493317,378543705,274431017,695.0,137803.2,402781.07,3490769.2733333334,4032048.5433333335,0.1001052145606876
2023-01-24,24,3547,1194,1159,1194,145275,2855135,655829857,1525727,1329408,0.5343799855348346,0.4656200144651654,380069432,275760425,709.4000000000001,139154.4,28551.350000000002,247445.03333333335,415860.18333333335,0.1456534221090538
2023-01-25,25,8555,2855,2853,2847,153830,49083676,704913533,28870655,20213021,0.5881925999185554,0.4118074000814446,408940087,295973446,1711.0,335599.2,490836.76,4253918.586666667,5082065.546666667,0.10353881291748945
2023-01-26,26,9301,3025,3143,3133,163131,38991288,743904821,20639673,18351615,0.5293406311686857,0.4706593688313143,429579760,314325061,1860.2,361024.8,389912.88,3379244.96,4132042.84,0.10597348925739514
2023-01-27,27,3560,1236,1205,1119,166691,33407990,777312811,16938386,16469604,0.5070160162284532,0.49298398377154684,446518146,330794665,712.0,143114.4,334079.9,2895359.1333333333,3373265.4333333336,0.10097181642275796
2023-01-28,28,1377,462,477,438,168068,48726805,826039616,27756524,20970281,0.5696356245807621,0.43036437541923794,474274670,351764946,275.40000000000003,54640.8,487268.05,4222989.766666667,4765174.016666667,0.09779368905198416
2023-01-29,29,6789,2280,2215,2294,174857,11615151,837654767,6559447,5055704,0.5647319608673189,0.4352680391326811,480834117,356820650,1357.8000000000002,265922.4,116151.51000000001,1006646.42,1390078.1300000001,0.11967800762986208
2023-01-30,30,4228,1426,1426,1376,179085,26906331,864561098,14531901,12374430,0.5400922556107706,0.45990774438922943,495366018,369195080,845.6,167217.6,269063.31,2331882.02,2769008.5300000003,0.10291289919833367
2023-01-31,31,4716,1578,1565,1573,183801,22543218,887104316,12476346,10066872,0.5534412167774805,0.4465587832225195,507842364,379261952,943.2,185056.8,225432.18,1953745.56,2365177.74,0.1049174851611691
2023-02-01,32,9997,3345,3329,3323,193798,18470386,905574702,9320338,9150048,0.5046098116195298,0.4953901883804702,517162702,388412000,1999.4,392584.8,184703.86000000002,1600766.7866666666,2180054.8466666667,0.11802973942540598
2023-02-02,33,2289,788,775,726,196087,35896037,941470739,20994522,14901515,0.5848701905449897,0.4151298094550103,538157224,403313515,457.8,91605.6,358960.37,3110989.8733333335,3562013.6433333335,0.09923138989781333
2023-02-03,34,5170,1712,1748,1710,201257,22844961,964315700,12754735,10090226,0.5583172148991631,0.4416827851008369,550911959,413403741,1034.0,202608.0,228449.61000000002,1979896.62,2411988.23,0.10558075498574937
2023-02-04,35,6940,2305,2344,2291,208197,47009460,1011325160,26685816,20323644,0.5676690606528983,0.43233093934710165,577597775,433727385,1388.0,272337.6,470094.60000000003,4074153.2,4817973.4,0.10248944361411512
2023-02-05,36,9159,3022,3036,3101,217356,3635693,1014960853,2061470,1574223,0.5670088206017395,0.43299117939826054,579659245,435301608,1831.8000000000002,356649.6,36356.93,315093.39333333337,709931.7233333334,0.19526723607668012
2023-02-06,37,3137,1056,1054,1027,220493,49669000,1064629853,28360652,21308348,0.5709930137510318,0.42900698624896816,608019897,456609956,627.4000000000001,123835.2,496690.0,4304646.666666667,4925799.266666667,0.09917250733187032
2023-02-07,38,2794,934,956,904,223287,15630172,1080260025,8065473,7564699,0.5160194654287873,0.48398053457121265,616085370,464174655,558.8000000000001,110342.4,156301.72,1354614.9066666667,1621817.8266666667,0.10376199485627328
2023-02-08,39,3574,1183,1229,1162,226861,37804073,1118064098,21637022,16167051,0.5723463183451158,0.4276536816548841,637722392,480341706,714.8000000000001,140575.2,378040.73,3276352.9933333336,3795683.7233333336,0.10040409464168937
2023-02-09,40,8959,2872,3145,2942,235820,34803414,1152867512,18726258,16077156,0.5380580767162669,0.461941923283733,656448650,496418862,1791.8000000000002,348247.2,348034.14,3016295.88,3714369.02,0.10672427193493145
2023-02-10,41,7016,2384,2340,2292,242836,35916497,1188784009,20542401,15374096,0.5719489013641837,0.4280510986358163,676991051,511792958,1403.2,277891.2,359164.97000000003,3112763.0733333332,3751222.4433333334,0.10444288159096733
2023-02-11,42,3207,1097,1048,1062,246043,33023976,1221807985,18627809,14396167,0.5640692386646599,0.43593076133534014,695618860,526189125,641.4000000000001,126907.2,330239.76,2862077.92,3319866.28,0.10052896961892172
2023-02-12,43,5297,1757,1762,1778,251340,14437519,1236245504,7596327,6841192,0.5261518270556043,0.4738481729443958,703215187,533030317,1059.4,207004.8,144375.19,1251251.6466666667,1603691.0366666666,0.11107802086124816
2023-02-13,44,7234,2411,2386,2437,258574,19260650,1255506154,9865192,9395458,0.5121941367503173,0.48780586324968267,713080379,542425775,1446.8000000000002,282883.2,192606.5,1669256.3333333335,2146192.8333333335,0.11142888912541028
2023-02-14,45,5118,1662,1730,1726,263692,35195172,1290701326,17973357,17221815,0.5106767769170157,0.4893232230829842,731053736,559647590,1023.6,198513.6,351951.72000000003,3050248.24,3601737.16,0.10233611473755548
2023-02-15,46,1976,689,641,646,265668,28368578,1319069904,14463299,13905279,0.509835177498146,0.490164822501854,745517035,573552869,395.20000000000005,78885.6,283685.78,2458610.0933333333,2821576.6733333333,0.09946133617741902
2023-02-16,47,4650,1533,1550,1567,270318,2922382,1321992286,1560170,1362212,0.5338692888198736,0.46613071118012633,747077205,574915081,930.0,181219.2,29223.82,253273.1066666667,464646.1266666667,0.15899568457055469
2023-02-17,48,2144,712,720,712,272462,27138119,1349130405,15535789,11602330,0.5724711060482858,0.4275288939517142,762612994,586517411,428.8,84019.2,271381.19,2351970.3133333335,2707799.5033333334,0.09977845197499995
2023-02-18,49,8742,2968,2905,2869,281204,23977814,1373108219,12326172,11651642,0.5140657109109279,0.4859342890890721,774939166,598169053,1748.4,345818.4,239778.14,2078077.2133333334,2665422.1533333333,0.11116201640955815
2023-02-19,50,1760,588,604,568,282964,49012176,1422120395,28236522,20775654,0.5761123929694532,0.42388760703054684,803175688,618944707,352.0,69532.8,490121.76,4247721.92,4807728.48,0.09809253276165499
2023-02-20,51,4695,1587,1466,1642,287659,21199527,1443319922,11100012,10099515,0.5235971538421589,0.4764028461578412,814275700,629044222,939.0,182803.2,211995.27000000002,1837292.34,2233029.81,0.10533394495075292
2023-02-21,52,2352,833,764,755,290011,39434202,1482754124,20451673,18982529,0.5186277891460819,0.4813722108539181,834727373,648026751,470.40000000000003,94728.0,394342.02,3417630.8400000003,3907171.2600000002,0.09908077409554275
2023-02-22,53,8311,2700,2761,2850,298322,23799579,1506553703,12150809,11648770,0.5105472243857759,0.4894527756142241,846878182,659675521,1662.2,321156.0,237995.79,2062630.1800000002,2623444.17,0.11023069651778293
2023-02-23,54,1453,503,456,494,299775,38946968,1545500671,21924107,17022861,0.5629220482580313,0.43707795174196873,868802289,676698382,290.6,57374.4,389469.68,3375403.8933333335,3822538.5733333337,0.09814726972670462
2023-02-24,55,1661,580,524,557,301436,1543969,1547044640,859750,684219,0.5568440817140758,0.44315591828592416,869662039,677382601,332.20000000000005,65971.2,15439.69,133810.64666666667,215553.73666666666,0.13961014545412936
2023-02-25,56,3193,1030,1051,1112,304629,40148048,1587192688,21316595,18831453,0.530949723881968,0.46905027611803196,890978634,696214054,638.6,122671.2,401480.48,3479497.4933333336,4004287.7733333334,0.09973804388530505
2023-02-26,57,7261,2388,2496,2377,311890,39082926,1626275614,20398987,18683939,0.5219411412543677,0.4780588587456323,911377621,714897993,1452.2,284611.2,390829.26,3387186.92,4064079.58,0.10398606235367332
2023-02-27,58,1344,455,472,417,313234,40587305,1666862919,22960983,17626322,0.5657183446893062,0.43428165531069385,934338604,732524315,268.8,53755.2,405873.05,3517566.4333333336,3977463.4833333334,0.09799772326182617
2023-02-28,59,4679,1616,1506,1557,317913,30240068,1697102987,17817051,12423017,0.5891868695533357,0.41081313044666434,952155655,744947332,935.8000000000001,185515.2,302400.68,2620805.8933333335,3109657.5733333337,0.10283236047396896
2023-03-01,60,9039,3010,2953,3076,326952,29193215,1726296202,15728026,13465189,0.5387562144148906,0.4612437855851094,967883681,758412521,1807.8000000000002,352557.6,291932.15,2530078.6333333333,3176376.1833333336,0.10880528860330503
2023-03-02,61,6820,2291,2275,2254,333772,7357661,1733653863,4228769,3128892,0.5747436583446832,0.42525634165531684,972112450,761541413,1364.0,268490.4,73576.61,637663.9533333334,981094.9633333334,0.13334332246801442
2023-03-03,62,4683,1581,1543,1559,338455,27019158,1760673021,13728055,13291103,0.5080859662614209,0.4919140337385791,985840505,774832516,936.6,184346.4,270191.58,2341660.36,2797134.94,0.10352413424578219
2023-03-04,63,2828,932,949,947,341283,49918929,1810591950,25898411,24020518,0.5188094279827198,0.48119057201728027,1011738916,798853034,565.6,110359.2,499189.29000000004,4326307.18,4936421.27,0.09888876562235539
2023-03-05,64,2341,756,813,772,343624,36425523,1847017473,19278598,17146925,0.5292607054674273,0.4707392945325727,1031017514,815999959,468.20000000000005,91111.2,364255.23,3156878.66,3612713.29,0.09918082137077346
2023-03-06,65,6575,2190,2142,2243,350199,40641022,1887658495,24252170,16388852,0.5967411449446326,0.40325885505536746,1055269684,832388811,1315.0,256324.8,406410.22000000003,3522221.9066666667,4186271.9266666668,0.1030060692535406
2023-03-07,66,8091,2709,2729,2653,358290,8158848,1895817343,4662865,3495983,0.5715102181092233,0.42848978189077674,1059932549,835884794,1618.2,318760.8,81588.48,707100.16,1109067.6400000001,0.13593434269151725
2023-03-08,67,8812,2918,2859,3035,367102,40016213,1935833556,20245594,19770619,0.5059347819844922,0.49406521801550785,1080178143,855655413,1762.4,342156.0,400162.13,3468071.7933333335,4212152.323333333,0.10526114311050207
2023-03-09,68,1222,441,396,385,368324,11432357,1947265913,6632620,4799737,0.5801620785635018,0.4198379214364982,1086810763,860455150,244.4,49704.0,114323.57,990804.2733333333,1155076.2433333334,0.1010357044775048
2023-03-10,69,6770,2220,2282,2268,375094,14896404,1962162317,8636022,6260382,0.5797387074088485,0.4202612925911515,1095446785,866715532,1354.0,263764.8,148964.04,1291021.68,1705104.52,0.11446417001042668
2023-03-11,70,3643,1233,1215,1195,378737,36089727,1998252044,18341244,17748483,0.5082123231356114,0.49178767686438857,1113788029,884464015,728.6,143988.0,360897.27,3127776.3400000003,3633390.2100000004,0.1006765778527502
2023-03-12,71,1983,648,642,693,380720,22717043,2020969087,12570904,10146139,0.5533688517471222,0.4466311482528778,1126358933,894610154,396.6,76420.8,227170.43,1968810.3933333333,2272798.223333333,0.10004815430130291
2023-03-13,72,9539,3201,3197,3141,390259,13260504,2034229591,7513852,5746652,0.5666339680603392,0.43336603193966083,1133872785,900356806,1907.8000000000002,375717.6,132605.04,1149243.68,1659474.1199999999,0.125144121218922
2023-03-14,73,3820,1313,1263,1244,394079,4337743,2038567334,2308616,2029127,0.5322159473256023,0.4677840526743977,1136181401,902385933,764.0,151946.4,43377.43,375937.7266666667,572025.5566666666,0.1318717030185206
2023-03-15,74,4600,1540,1520,1540,398679,26889525,2065456859,14381169,12508356,0.5348242112867371,0.46517578871326287,1150562570,914894289,920.0,180384.0,268895.25,2330425.5,2780624.75,0.10340921790176658
2023-03-16,75,1748,558,591,599,400427,14360984,2079817843,8166692,6194292,0.5686721745529415,0.4313278254470585,1158729262,921088581,349.6,67202.4,143609.84,1244618.6133333333,1455780.4533333334,0.10137052261414213
2023-03-17,76,7993,2684,2674,2635,408420,27787342,2107605185,14340219,13447123,0.5160701948390746,0.48392980516092543,1173069481,934535704,1598.6000000000001,314808.0,277873.42,2408236.3066666666,3002516.3266666667,0.10805338368335722
2023-03-18,77,1944,660,637,647,410364,24925547,2132530732,13061398,11864149,0.5240165040309848,0.47598349596901524,1186130879,946399853,388.8,76663.2,249255.47,2160214.0733333332,2486521.543333333,0.0997579528879881
2023-03-19,78,9673,3165,3275,3233,420037,26713030,2159243762,15639162,11073868,0.5854506957840425,0.41454930421595754,1201770041,957473721,1934.6000000000001,376816.8,267130.3,2315129.2666666666,2961010.966666667,0.1108451930262747
2023-03-20,79,2633,917,841,875,422670,42181238,2201425000,24138769,18042469,0.5722631706542136,0.4277368293457864,1225908810,975516190,526.6,104700.0,421812.38,3655707.2933333335,4182746.2733333334,0.09916129709927748
2023-03-21,80,9304,3155,3015,3134,431974,11291989,2212716989,5649885,5642104,0.5003445362902851,0.4996554637097149,1231558695,981158294,1860.8000000000002,365786.4,112919.89,978639.0466666667,1459206.1366666667,0.12922489887890137
2023-03-22,81,7507,2502,2508,2497,439481,23680460,2236397449,13962805,9717655,0.5896340273795357,0.4103659726204643,1245521500,990875949,1501.4,294403.2,236804.6,2052306.5333333334,2585015.7333333334,0.10916239521248039
2023-03-23,82,8484,2823,2755,2906,447965,21816223,2258213672,12448822,9367401,0.5706222383223714,0.4293777616776286,1257970322,1000243350,1696.8000000000002,330333.6,218162.23,1890739.3266666667,2440931.9566666665,0.11188609305408487
2023-03-24,83,4609,1557,1537,1515,452574,17618157,2275831829,9071822,8546335,0.5149132227621765,0.48508677723782345,1267042144,1008789685,921.8000000000001,181980.0,176181.57,1526906.94,1885990.31,0.10704810440728846
2023-03-25,84,3946,1298,1306,1342,456520,38801804,2314633633,21437631,17364173,0.5524905749227536,0.4475094250772464,1288479775,1026153858,789.2,153355.2,388018.04,3362823.0133333337,3904985.4533333336,0.10063927577525349
2023-03-26,85,7409,2530,2340,2539,463929,10989857,2325623490,6158695,4831162,0.5603981016313497,0.43960189836865027,1294638470,1030985020,1481.8000000000002,290774.4,109898.57,952454.2733333333,1354609.0433333335,0.1232599335308306
2023-03-27,86,4234,1398,1421,1415,468163,43405518,2369029008,23672843,19732675,0.5453878698095482,0.4546121301904518,1318311313,1050717695,846.8000000000001,165396.0,434055.18,3761811.56,4362109.54,0.1004966589731748
2023-03-28,87,7926,2593,2640,2693,476089,39498872,2408527880,19874096,19624776,0.5031560394939886,0.49684396050601143,1338185409,1070342471,1585.2,307588.8,394988.72000000003,3423235.5733333332,4127398.293333333,0.10449408006723161
2023-03-29,88,6590,2143,2296,2151,482679,47132910,2455660790,25380489,21752421,0.538487629980835,0.46151237001916495,1363565898,1092094892,1318.0,257601.6,471329.10000000003,4084852.2,4815100.9,0.10216005971199318
2023-03-30,89,4711,1560,1596,1555,487390,25741913,2481402703,14596861,11145052,0.5670464739741758,0.4329535260258241,1378162759,1103239944,942.2,184704.0,257419.13,2230965.7933333335,2674031.1233333335,0.10387849276521653
2023-03-31,90,8356,2790,2886,2680,495746,2177943,2483580646,1250915,927028,0.574356170019142,0.4256438299808581,1379413674,1104166972,1671.2,330504.0,21779.43,188755.06,542709.69,0.24918452411289
2023-04-01,91,1237,428,370,439,496983,23291459,2506872105,12005290,11286169,0.515437439964581,0.484562560035419,1391418964,1115453141,247.4,48350.4,232914.59,2018593.1133333335,2300105.5033333334,0.09875317399967659
2023-04-02,92,2282,730,755,797,499265,11510970,2518383075,6516374,4994596,0.5661012060669084,0.43389879393309166,1397935338,1120447737,456.40000000000003,87391.2,115109.7,997617.4,1200574.7,0.10429830848312523
2023-04-03,93,5140,1724,1710,1706,504405,24709794,2543092869,12882881,11826913,0.5213673978827991,0.478632602117201,1410818219,1132274650,1028.0,202065.6,247097.94,2141515.48,2591707.02,0.10488582057786479
2023-04-04,94,5678,1851,1861,1966,510083,14792768,2557885637,8435598,6357170,0.57025149045804,0.42974850954196,1419253817,1138631820,1135.6000000000001,219141.6,147927.68,1282039.8933333333,1650244.7733333334,0.11155753766525192
2023-04-05,95,2753,893,934,926,512836,25622554,2583508191,13453950,12168604,0.5250823161500606,0.4749176838499394,1432707767,1150800424,550.6,106809.6,256225.54,2220621.3466666667,2584207.086666667,0.1008567329652878
2023-04-06,96,7154,2355,2338,2461,519990,10119341,2593627532,6038567,4080774,0.59673520242079,0.40326479757920997,1438746334,1154881198,1430.8000000000002,277353.6,101193.41,877009.5533333333,1256987.3633333333,0.12421632627394741
2023-04-07,97,1750,610,566,574,521740,27954374,2621581906,14592716,13361658,0.522019058627462,0.477980941372538,1453339050,1168242856,350.0,69806.4,279543.74,2422712.4133333336,2772412.5533333337,0.0991763418967398
2023-04-08,98,9112,3028,3072,3012,530852,17113997,2638695903,9255268,7858729,0.5408010764522163,0.45919892354778374,1462594318,1176101585,1822.4,357523.2,171139.97,1483213.0733333335,2013698.6433333335,0.11766384225341009
2023-04-09,99,5715,1890,1877,1948,536567,39955106,2678651009,20389792,19565314,0.5103175549077507,0.4896824450922493,1482984110,1195666899,1143.0,222352.8,399551.06,3462775.8533333335,4085822.7133333334,0.10226033972562439
2023-04-10,100,6833,2283,2284,2266,543400,35358350,2714009359,17964797,17393553,0.5080779221881112,0.49192207781188885,1500948907,1213060452,1366.6000000000001,268353.6,353583.5,3064390.3333333335,3687694.033333333,0.1042948563304943
2023-04-11,101,6793,2225,2298,2270,550193,43545587,2757554946,23927615,19617972,0.5494842680614226,0.45051573193857736,1524876522,1232678424,1358.6000000000001,264720.0,435455.87,3773950.8733333335,4475485.343333334,0.10277701258989422
2023-04-12,102,9344,3203,3040,3101,559537,33697448,2791252394,19610742,14086706,0.5819651980767209,0.4180348019232792,1544487264,1246765130,1868.8000000000002,369825.6,336974.48,2920445.4933333336,3629114.3733333335,0.10769700937985967
2023-04-13,103,9232,3110,3046,3076,568769,8352969,2799605363,4634355,3718614,0.5548152998053746,0.4451847001946254,1549121619,1250483744,1846.4,363105.6,83529.69,723923.98,1172405.67,0.14035795775130974
2023-04-14,104,2040,668,694,678,570809,29676594,2829281957,17184401,12492193,0.5790557029556693,0.4209442970443306,1566306020,1262975937,408.0,79588.8,296765.94,2571971.48,2948734.2199999997,0.09936228598200993
2023-04-15,105,9711,3315,3289,3107,580520,22814202,2852096159,12103933,10710269,0.5305437814568311,0.4694562185431689,1578409953,1273686206,1942.2,386911.2,228142.02000000002,1977230.84,2594226.2600000002,0.1137110235107062
2023-04-16,106,7069,2386,2304,2379,587589,9263467,2861359626,4688095,4575372,0.5060842770854584,0.4939157229145416,1583098048,1278261578,1413.8000000000002,277574.4,92634.67,802833.8066666666,1174456.6766666668,0.12678370599978028
2023-04-17,107,4393,1503,1460,1430,591982,12410819,2873770445,6835270,5575549,0.5507509214339521,0.4492490785660479,1589933318,1283837127,878.6,174504.0,124108.19,1075604.3133333335,1375095.1033333335,0.1107980950599097
2023-04-18,108,4082,1346,1349,1387,596064,19051142,2892821587,9597887,9453255,0.5037958879315476,0.4962041120684524,1599531205,1293290382,816.4000000000001,158791.2,190511.42,1651098.9733333334,2001217.9933333334,0.10504451614151705
2023-04-19,109,5151,1714,1706,1731,601215,38929852,2931751439,22683956,16245896,0.5826879588445392,0.41731204115546083,1622215161,1309536278,1030.2,201441.6,389298.52,3373920.506666667,3965690.826666667,0.10186760603833447
2023-04-20,110,7368,2502,2428,2438,608583,47652419,2979403858,27256808,20395611,0.5719921164967512,0.4280078835032488,1649471969,1329931889,1473.6000000000001,290956.8,476524.19,4129876.3133333335,4898830.903333333,0.10280340444696696
2023-04-21,111,1053,363,378,312,609636,37427698,3016831556,21487737,15939961,0.5741132409479205,0.42588675905207957,1670959706,1345871850,210.60000000000002,42739.2,374276.98,3243733.8266666667,3660960.6066666665,0.09781420718599007
2023-04-22,112,8990,2967,3047,2976,618626,49424556,3066256112,26055365,23369191,0.5271744879205389,0.47282551207946105,1697015071,1369241041,1798.0,351885.6,494245.56,4283461.5200000005,5131390.680000001,0.10382269655593873
2023-04-23,113,5728,1923,1893,1912,624354,21857628,3088113740,11798346,10059282,0.5397816268078128,0.46021837319218717,1708813417,1379300323,1145.6000000000001,224959.2,218576.28,1894327.76,2339008.84,0.10701110111307593
2023-04-24,114,6894,2278,2286,2330,631248,46725799,3134839539,27360770,19365029,0.585560238359969,0.41443976164003105,1736174187,1398665352,1378.8000000000002,268680.0,467257.99,4049569.2466666666,4786886.036666667,0.10244631743304522
2023-04-25,115,1049,351,333,365,632297,36352038,3171191577,19467029,16885009,0.5355141024005312,0.46448589759946884,1755641216,1415550361,209.8,40764.0,363520.38,3150509.96,3555004.14,0.09779380567328853
2023-04-26,116,3659,1203,1184,1272,635956,35605011,3206796588,18919755,16685256,0.5313789960632227,0.4686210039367773,1774560971,1432235617,731.8000000000001,141451.2,356050.11,3085767.62,3584000.73,0.10066000906445444
2023-04-27,117,1754,625,561,568,637710,3269102,3210065690,1667395,1601707,0.510046795725554,0.489953204274446,1776228366,1433837324,350.8,70648.8,32691.02,283322.17333333334,387012.79333333333,0.11838504682121676
2023-04-28,118,3582,1170,1206,1206,641292,24762774,3234828464,14275087,10487687,0.5764736616341933,0.42352633836580666,1790503453,1444325011,716.4000000000001,139233.6,247627.74,2146107.08,2533684.8200000003,0.10231829519584519
2023-04-29,119,9774,3283,3232,3259,651066,12946819,3247775283,7031362,5915457,0.5430957210415933,0.4569042789584067,1797534815,1450240468,1954.8000000000002,384014.4,129468.19,1122057.6466666667,1637495.0366666666,0.12647856100148358
2023-04-30,120,1728,565,552,611,652794,36656679,3284431962,20736540,15920139,0.5656960904723529,0.4343039095276471,1818271355,1466160607,345.6,66417.6,366566.79,3176912.18,3610242.17,0.09848797732058596
2023-05-01,121,1687,564,552,571,654481,47018671,3331450633,25709454,21309217,0.5467924433678698,0.45320755663213025,1843980809,1487469824,337.40000000000003,65961.6,470186.71,4074951.486666667,4611437.196666667,0.09807672353535189
2023-05-02,122,5568,1891,1828,1849,660049,49408041,3380858674,27522010,21886031,0.5570350380821616,0.4429649619178384,1871502819,1509355855,1113.6000000000001,219710.4,494080.41000000003,4282030.22,4996934.63,0.10113606062624503
2023-05-03,123,3833,1247,1297,1289,663882,22920308,3403778982,12617741,10302567,0.5505048623255848,0.4494951376744152,1884120560,1519658422,766.6,148850.4,229203.08000000002,1986426.6933333334,2365246.7733333334,0.10319437126819297
2023-05-04,124,5203,1698,1724,1781,669085,47304686,3451083668,27067612,20237074,0.5721972660382948,0.4278027339617052,1911188172,1539895496,1040.6000000000001,201417.6,473046.86,4099739.4533333336,4775244.513333334,0.10094654287174284
2023-05-05,125,5039,1672,1648,1719,674124,34245278,3485328946,19704109,14541169,0.5753817796427292,0.42461822035727087,1930892281,1554436665,1007.8000000000001,196214.4,342452.78,2967924.0933333333,3507599.0733333332,0.10242577307543928
2023-05-06,126,7646,2518,2584,2544,681770,31905180,3517234126,17683814,14221366,0.5542615337070658,0.44573846629293423,1948576095,1568658031,1529.2,298742.4,319051.8,2765115.6,3384439.0,0.10607804124596695
2023-05-07,127,4895,1627,1650,1618,686665,23393861,3540627987,13384807,10009054,0.5721504030480475,0.42784959695195246,1961960902,1578667085,979.0,192076.8,233938.61000000002,2027467.9533333334,2454462.3633333333,0.10491907955396218
2023-05-08,128,2732,881,933,918,689397,43379105,3584007092,22796508,20582597,0.5255181728622571,0.47448182713774295,1984757410,1599249682,546.4,105832.8,433791.05,3759522.4333333336,4299692.683333334,0.09911898097790016
2023-05-09,129,9237,3052,3103,3082,698634,13222435,3597229527,7091309,6131126,0.5363088568784796,0.4636911431215204,1991848719,1605380808,1847.4,361039.2,132224.35,1145944.3666666667,1641055.316666667,0.12411143005555837
2023-05-10,130,6576,2227,2187,2162,705210,23431082,3620660609,12244536,11186546,0.522576635598817,0.477423364401183,2004093255,1616567354,1315.2,259831.2,234310.82,2030693.7733333334,2526150.9933333336,0.10781196503573047
2023-05-11,131,2637,876,868,893,707847,1417793,3622078402,719426,698367,0.5074266835849803,0.49257331641501967,2004812681,1617265721,527.4,102892.8,14177.93,122875.39333333334,240473.52333333335,0.1696111656167955
2023-05-12,132,8758,2959,2907,2892,716605,11310440,3633388842,6077004,5233436,0.5372915642539106,0.46270843574608944,2010889685,1622499157,1751.6000000000001,345463.2,113104.40000000001,980238.1333333334,1440557.3333333335,0.1273652778612798
2023-05-13,133,1346,424,449,473,717951,19892275,3653281117,10446404,9445871,0.5251487826304432,0.47485121736955677,2021336089,1631945028,269.2,51232.8,198922.75,1723997.1666666667,1974421.9166666667,0.09925571191161729
2023-05-14,134,2703,930,894,879,720654,34617940,3687899057,20346907,14271033,0.5877561460907264,0.41224385390927365,2041682996,1646216061,540.6,107582.4,346179.4,3000221.466666667,3454523.8666666667,0.09978998942937294
2023-05-15,135,6075,2014,2020,2041,726729,29212427,3717111484,14622979,14589448,0.5005739167101727,0.4994260832898273,2056305975,1660805509,1215.0,237321.6,292124.27,2531743.6733333333,3062404.5433333335,0.10483225318229579
2023-05-16,136,1034,335,327,372,727763,44805758,3761917242,25815276,18990482,0.5761597873201922,0.4238402126798078,2082121251,1679795991,206.8,39463.2,448057.58,3883165.6933333334,4370893.273333333,0.09755204394339971
2023-05-17,137,3659,1175,1245,1239,731422,7282277,3769199519,4022447,3259830,0.5523611639601185,0.44763883603988147,2086143698,1683055821,731.8000000000001,141314.4,72822.77,631130.6733333333,845999.6433333333,0.11617240642361357
2023-05-18,138,1778,580,621,577,733200,27282570,3796482089,14910099,12372471,0.5465063958417408,0.4534936041582593,2101053797,1695428292,355.6,69655.2,272825.7,2364489.4,2707325.9,0.09923280321465316
2023-05-19,139,5225,1734,1756,1735,738425,17581342,3814063431,10296234,7285108,0.5856341341861162,0.41436586581388385,2111350031,1702713400,1045.0,204720.0,175813.42,1523716.3066666666,1905294.7266666666,0.10837026699478723
2023-05-20,140,8050,2723,2684,2643,746475,19003705,3833067136,10861385,8142320,0.571540391728876,0.42845960827112395,2122211416,1710855720,1610.0,318052.8,190037.05000000002,1646987.7666666668,2156687.6166666667,0.11348774445123552
2023-05-21,141,9142,2983,3051,3108,755617,1610406,3834677542,807826,802580,0.5016287818103012,0.49837121818969876,2123019242,1711658300,1828.4,354448.8,16104.06,139568.52000000002,511949.78,0.3179010634585316
2023-05-22,142,4893,1652,1630,1611,760510,27438646,3862116188,14554426,12884220,0.5304352845982269,0.4695647154017731,2137573668,1724542520,978.6,193089.6,274386.46,2378015.986666667,2846470.646666667,0.10373947193555641
2023-05-23,143,1349,437,440,472,761859,24463887,3886580075,13567565,10896322,0.5545956372345899,0.44540436276541007,2151141233,1735438842,269.8,51835.2,244638.87,2120203.54,2416947.41,0.09879654079500941
2023-05-24,144,5415,1829,1850,1736,767274,25453573,3912033648,13273545,12180028,0.5214806188506423,0.4785193811493577,2164414778,1747618870,1083.0,214953.6,254535.73,2205976.3266666667,2676548.6566666667,0.1051541430614345
2023-05-25,145,5326,1755,1767,1804,772600,35973239,3948006887,18354321,17618918,0.5102215288425932,0.48977847115740675,2182769099,1765237788,1065.2,207290.4,359732.39,3117680.7133333334,3685768.703333333,0.10245862774084183
2023-05-26,146,5733,1936,1919,1878,778333,9191276,3957198163,4882630,4308646,0.5312243914773096,0.46877560852269046,2187651729,1769546434,1146.6000000000001,226504.8,91912.76,796577.2533333334,1116141.4133333333,0.121434870776738
2023-05-27,147,4164,1412,1376,1376,782497,44665632,4001863795,26220826,18444806,0.5870470163726778,0.41295298362732225,2213872555,1787991240,832.8000000000001,164409.6,446656.32,3871021.44,4482920.16,0.10036620907994764
2023-05-28,148,3435,1109,1190,1136,785932,38039084,4039902879,19388918,18650166,0.5097104336161197,0.4902895663838803,2233261473,1806641406,687.0,133593.6,380390.84,3296720.6133333333,3811392.053333333,0.10019673589756613
2023-05-29,149,7122,2387,2381,2354,793054,13426172,4053329051,7687163,5739009,0.5725506123413285,0.4274493876586714,2240948636,1812380415,1424.4,280178.4,134261.72,1163601.5733333335,1579466.0933333335,0.11764083562562237
2023-05-30,150,5338,1730,1786,1822,798392,37778220,4091107271,19030278,18747942,0.5037367562579709,0.4962632437420291,2259978914,1831128357,1067.6000000000001,206347.2,377782.2,3274112.4,3859309.4,0.1021569941622448
2023-05-31,151,9671,3266,3152,3253,808063,45083732,4136191003,24919979,20163753,0.5527488052674965,0.4472511947325035,2284898893,1851292110,1934.2,379852.8,450837.32,3907256.7733333334,4739881.093333334,0.10513506497938843
2023-06-01,152,4754,1612,1605,1537,812817,14848903,4151039906,7911009,6937894,0.5327672353977934,0.46723276460220664,2292809902,1858230004,950.8000000000001,188599.2,148489.03,1286904.9266666668,1624943.9566666668,0.109431919426416
2023-06-02,153,6507,2204,2220,2083,819324,41082556,4192122462,22705627,18376929,0.552682919728753,0.447317080271247,2315515529,1876606933,1301.4,258604.8,410825.56,3560488.186666667,4231219.946666667,0.10299310360987927
2023-06-03,154,9310,3066,3054,3190,828634,16385110,4208507572,9250288,7134822,0.5645545254197256,0.4354454745802744,2324765817,1883741755,1862.0,361320.0,163851.1,1420042.8666666667,1947075.9666666668,0.11883203510178857
2023-06-04,155,6572,2151,2239,2182,835206,3539800,4212047372,1809726,1730074,0.5112509181309679,0.48874908186903215,2326575543,1885471829,1314.4,256423.2,35398.0,306782.6666666667,599918.2666666666,0.16947801194041093
2023-06-05,156,5798,1920,1970,1908,841004,23171462,4235218834,13221732,9949730,0.570604133653716,0.42939586634628407,2339797275,1895421559,1159.6000000000001,227476.8,231714.62,2008193.3733333333,2468544.3933333335,0.10653382135893426
2023-06-06,157,5073,1738,1689,1646,846077,48818318,4284037152,28281911,20536407,0.5793298941598111,0.42067010584018893,2368079186,1915957966,1014.6,201741.6,488183.18,4230920.893333334,4921860.273333333,0.10081994781822129
2023-06-07,158,1311,459,422,430,847388,49492510,4333529662,28042518,21449992,0.5666012493607618,0.43339875063923816,2396121704,1937407958,262.2,52368.0,494925.10000000003,4289350.866666667,4836906.166666667,0.09773006393627373
2023-06-08,159,8928,2910,3054,2964,856316,3975357,4337505019,2271960,1703397,0.5715109359989555,0.4284890640010444,2398393664,1939111355,1785.6000000000001,347918.4,39753.57,344530.94,733988.51,0.18463461520562807
2023-06-09,160,4847,1636,1639,1572,861163,44720618,4382225637,26323639,18396979,0.5886242225006819,0.4113757774993181,2424717303,1957508334,969.4000000000001,191887.2,447206.18,3875786.8933333335,4515849.673333334,0.10097914284935271
2023-06-10,161,5446,1902,1792,1752,866609,19867541,4402093178,10869449,8998092,0.5470958383828175,0.4529041616171825,2435586752,1966506426,1089.2,218275.2,198675.41,1721853.5533333335,2139893.3633333333,0.10770801295104077
2023-06-11,162,2993,1008,1004,981,869602,5511664,4407604842,3135527,2376137,0.5688893590030162,0.4311106409969839,2438722279,1968882563,598.6,118137.6,55116.64,477677.5466666667,651530.3866666667,0.11820938044602623
2023-06-12,163,1799,582,586,631,871401,12019110,4419623952,6550410,5468700,0.5449995881558618,0.4550004118441382,2445272689,1974351263,359.8,69057.6,120191.1,1041656.2000000001,1231264.7000000002,0.10244225237975192
2023-06-13,164,8060,2589,2638,2833,879461,17896443,4437520395,9824331,8072112,0.548954392780733,0.45104560721926695,2455097020,1982423375,1612.0,308572.8,178964.43,1551025.06,2040174.29,0.1139988706135627
2023-06-14,165,6456,2201,2125,2130,885917,36523877,4474044272,19114162,17409715,0.5233333252107929,0.47666667478920705,2474211182,1999833090,1291.2,255420.0,365238.77,3165402.6733333333,3787352.6433333335,0.10369525237787143
2023-06-15,166,5761,1927,1873,1961,891678,37050451,4511094723,20834286,16216165,0.5623220618825936,0.43767793811740646,2495045468,2016049255,1152.2,224997.6,370504.51,3211039.086666667,3807693.396666667,0.10277050059840478
2023-06-16,167,3508,1182,1122,1204,895186,7416397,4518511120,4265347,3151050,0.5751238775378394,0.42487612246216055,2499310815,2019200305,701.6,137054.4,74163.97,642754.4066666667,854674.3766666667,0.11524118472442436
2023-06-17,168,5614,1869,1864,1881,900800,9518951,4528030071,5324564,4194387,0.5593645770421551,0.4406354229578448,2504635379,2023394692,1122.8,219729.6,95189.51,824975.7533333334,1141017.6633333333,0.11986800471326445
2023-06-18,169,1643,548,538,557,902443,11811842,4539841913,6175851,5635991,0.5228524898995431,0.4771475101004568,2510811230,2029030683,328.6,64171.2,118118.42,1023692.9733333334,1206311.1933333334,0.10212727137167373
2023-06-19,170,7177,2416,2347,2414,909620,13885862,4553727775,8246510,5639352,0.5938781474279379,0.4061218525720621,2519057740,2034670035,1435.4,281618.4,138858.62,1203441.3733333333,1625353.7933333335,0.11705098274297508
2023-06-20,171,9656,3284,3163,3209,919276,34046112,4587773887,20411154,13634958,0.599514975454466,0.40048502454553403,2539468894,2048304993,1931.2,381122.4,340461.12,2950663.04,3674177.76,0.107917689984689
2023-06-21,172,5103,1727,1704,1672,924379,26991611,4614765498,14587633,12403978,0.5404506237141606,0.4595493762858393,2554056527,2060708971,1020.6,201739.2,269916.11,2339272.9533333336,2811948.8633333337,0.10417862288150692
2023-06-22,173,1528,504,491,533,925907,14091942,4628857440,7070880,7021062,0.5017676059126556,0.4982323940873444,2561127407,2067730033,305.6,59080.8,140919.42,1221301.6400000001,1421607.4600000002,0.10088087646117194
2023-06-23,174,6718,2226,2267,2225,932625,10381696,4639239136,5602611,4779085,0.5396624019813333,0.4603375980186667,2566730018,2072509118,1343.6000000000001,263244.0,103816.96,899746.9866666667,1268151.5466666666,0.12215263735970179
2023-06-24,175,5261,1739,1802,1720,937886,36790906,4676030042,20671751,16119155,0.5618712135004231,0.4381287864995768,2587401769,2088628273,1052.2,206592.0,367909.06,3188545.186666667,3764098.4466666672,0.10231056681960121
2023-06-25,176,8420,2880,2744,2796,946306,29150067,4705180109,15425075,13724992,0.5291608763712276,0.47083912362877245,2602826844,2102353265,1684.0,332985.6,291500.67,2526339.14,3152509.41,0.10814758710503136
2023-06-26,177,9545,3199,3178,3168,955851,27589254,4732769363,14348899,13240355,0.5200901408932623,0.4799098591067377,2617175743,2115593620,1909.0,375148.8,275892.54,2391068.68,3044019.02,0.11033350231216836
2023-06-27,178,5625,1885,1847,1893,961476,19807451,4752576814,9954897,9852554,0.5025834470068864,0.49741655299311355,2627130640,2125446174,1125.0,220384.8,198074.51,1716645.7533333334,2136230.0633333335,0.10784982193485337
2023-06-28,179,2410,823,780,807,963886,10144086,4762720900,6039907,4104179,0.595411651675666,0.404588348324334,2633170547,2129550353,482.0,95083.2,101440.86,879154.12,1076160.18,0.1060874464195197
2023-06-29,180,4682,1053,1987,1642,968568,2586080,4765306980,1500428,1085652,0.580193961517045,0.4198060384829549,2634670975,2130636005,936.4000000000001,163111.2,25860.8,224126.93333333335,414035.3333333334,0.1601015178700324
